,city,cloudiness,country,date,humidity,Lat,Lng,Max_Temp,Wind_Speed
0,Tuktoyaktuk,75,CA,1555812000,85,69.44,-133.03,24.8,6.93
1,Hermanus,88,ZA,1555815610,96,-34.42,19.24,55.54,16.22
2,Port Lincoln,15,AU,1555815641,64,-34.72,135.86,61.32,14.05
3,Port Elizabeth,90,US,1555815633,72,39.31,-74.98,57.0,5.82
4,Thakurdwara,0,IN,1555815642,29,29.19,78.86,84.67,4.14
5,New Norfolk,0,AU,1555815375,47,-42.78,147.06,75.85,11.41
6,Cabedelo,40,BR,1555812000,100,-6.97,-34.84,75.2,2.24
7,Cape Town,0,ZA,1555814764,72,-33.93,18.42,59.38,11.41
8,Chicama,0,PE,1555812000,78,-7.84,-79.15,71.6,11.41
9,Saskylakh,100,RU,1555815157,96,71.97,114.09,13.64,8.41
10,Yellowknife,20,CA,1555814564,58,62.45,-114.38,30.09,9.17
11,Vaini,40,IN,1555812000,78,15.34,74.49,72.52,5.82
12,Ushuaia,40,AR,1555812000,81,-54.81,-68.31,44.6,26.4
13,Leningradskiy,99,RU,1555815643,85,69.38,178.42,10.11,15.82
14,Sitka,0,US,1555814750,39,37.17,-99.65,72.0,11.99
15,Sal Rei,75,CV,1555812000,68,16.18,-22.92,71.6,10.29
16,Busselton,31,AU,1555815624,40,-33.64,115.35,62.96,9.04
17,Rikitea,2,PF,1555814957,79,-23.12,-134.97,78.71,10.87
18,Bluff,68,AU,1555815179,52,-23.58,149.07,82.34,15.75
19,Lompoc,1,US,1555815630,76,34.64,-120.46,54.77,4.7
20,Puerto Ayora,68,EC,1555814736,95,-0.74,-90.35,78.01,8.99
21,Albany,1,US,1555815409,87,42.65,-73.75,57.85,8.05
22,Barrow,0,AR,1555815177,83,-38.31,-60.23,50.07,4.54
23,Bonavista,61,CA,1555814808,86,48.65,-53.11,34.0,3.69
24,Yarim,44,YE,1555815646,70,14.3,44.38,67.44,0.96
25,Hilo,75,US,1555815037,65,19.71,-155.08,71.47,12.75
26,Talnakh,0,RU,1555812000,83,69.49,88.39,-7.61,6.71
27,Kapaa,75,US,1555814913,65,22.08,-159.32,76.91,12.75
28,Yerbogachen,0,RU,1555815647,67,61.28,108.01,27.26,10.11
29,Torbay,90,CA,1555814921,100,47.66,-52.73,35.96,6.93
30,Harper,1,US,1555815623,55,30.3,-99.24,66.36,3.36
31,Saldanha,0,PT,1555815648,61,41.42,-6.55,50.57,9.64
32,Grindavik,75,IS,1555813800,86,63.84,-22.43,41.97,9.17
33,Mannarakkat,75,IN,1555813800,88,10.98,76.47,76.12,4.7
34,Arambagh,1,IN,1555815649,38,22.88,87.79,93.07,9.46
35,Mataura,11,NZ,1555815005,73,-46.19,168.86,57.99,3.69
36,Berlevag,100,NO,1555815649,83,70.86,29.09,40.58,16.08
37,Sistranda,75,NO,1555815604,93,63.73,8.83,46.35,11.41
38,Boa Vista,0,BR,1555815600,55,2.82,-60.67,86.0,16.11
39,Gillette,1,US,1555815617,67,44.29,-105.5,58.48,9.17
40,Bilma,0,NE,1555815360,10,18.69,12.92,76.71,7.14
41,Thompson,75,CA,1555812000,58,55.74,-97.86,30.2,5.82
42,Quelimane,0,MZ,1555815478,99,-17.88,36.89,66.47,3.78
43,Arlit,0,NE,1555815652,7,18.74,7.39,80.08,10.07
44,Claudio,0,BR,1555815652,86,-20.44,-44.77,61.21,2.68
45,Plouzane,0,FR,1555815484,93,48.38,-4.62,49.33,5.82
46,Los Llanos de Aridane,75,ES,1555815349,72,28.66,-17.92,59.43,16.11
47,Visby,23,SE,1555814772,61,57.64,18.3,44.35,6.93
48,Eureka,90,US,1555815151,87,40.8,-124.16,50.31,16.11
49,Port Alfred,94,ZA,1555815174,85,-33.59,26.89,59.0,3.0
50,Alofi,93,NU,1555812000,65,-19.06,-169.92,80.6,21.92
51,Souillac,0,FR,1555815622,76,45.6,-0.6,54.0,7.56
52,Sioux Lookout,20,CA,1555812000,74,50.1,-91.92,46.02,3.31
53,Povenets,38,RU,1555815654,94,62.85,34.83,29.93,4.65
54,Preeceville,100,CA,1555815654,38,51.95,-102.67,49.04,4.99
55,Avarua,56,CK,1555813800,60,-21.21,-159.78,75.2,10.29
56,Miracatu,100,BR,1555815655,80,-24.28,-47.45,70.66,1.61
57,Suclayin,27,PH,1555815655,42,15.76,121.55,86.43,4.14
58,Pevek,100,RU,1555815655,89,69.7,170.27,15.24,13.29
59,Alzamay,100,RU,1555815656,39,55.55,98.67,42.4,6.55
60,Shingu,75,JP,1555812000,77,33.72,135.99,68.0,11.41
61,Lagoa,0,PT,1555815142,71,37.14,-8.45,55.49,9.17
62,Hasaki,75,JP,1555815082,72,35.73,140.83,63.52,11.41
63,Norwich,0,GB,1555815650,93,52.63,1.29,43.18,1.12
64,Doha,0,QA,1555812000,65,25.29,51.53,77.0,10.29
65,Springfield,1,US,1555815322,38,37.22,-93.29,55.27,8.66
66,San Isidro,17,PH,1555815575,45,16.74,121.63,88.97,4.94
67,Montrose,0,AU,1555815659,36,-37.81,145.34,78.48,18.34
68,Clyde River,90,CA,1555813980,84,70.47,-68.59,-2.21,19.46
69,Breytovo,0,RU,1555815662,96,58.3,37.86,35.04,2.21
70,Ilhabela,0,BR,1555815662,68,-23.78,-45.36,78.51,8.7
71,Rundu,27,NA,1555812000,82,-17.91,19.77,64.4,3.36
72,Port Blair,20,IN,1555812000,83,11.67,92.75,82.4,4.7
73,Jalu,0,LY,1555815663,41,29.03,21.55,63.91,13.65
74,Saint-Denis,0,FR,1555815648,62,48.94,2.36,53.89,4.7
75,Jamestown,75,AU,1555815162,49,-33.21,138.6,66.72,10.89
76,Skagen,65,SE,1555815542,74,58.6,13.44,38.7,4.7
77,Kailua,90,US,1555815638,69,21.39,-157.74,78.57,11.41
78,Margate,0,AU,1555815655,47,-43.03,147.26,76.24,11.41
79,Rio Grande,11,BR,1555815469,89,-32.03,-52.1,61.66,3.11
80,Cherskiy,0,RU,1555815178,81,68.75,161.3,9.44,2.17
81,Severo-Kurilsk,44,RU,1555815665,80,50.68,156.12,35.92,16.17
82,Kichera,55,RU,1555815666,72,55.93,110.1,23.11,5.82
83,Juneau,90,US,1555815068,65,58.3,-134.42,44.42,18.34
84,Tiznit,1,MA,1555815666,72,29.7,-9.73,63.43,28.66
85,Baruun-Urt,0,MN,1555815667,17,46.68,113.28,50.88,13.87
86,Ancud,90,CL,1555812000,81,-41.87,-73.83,48.2,8.05
87,Rawson,0,AR,1555815667,50,-43.3,-65.11,58.55,7.18
88,Cidreira,0,BR,1555815171,86,-30.17,-50.22,69.71,5.03
89,Baneh,1,IR,1555812000,100,35.99,45.88,39.2,6.93
90,Manado,40,ID,1555813800,66,1.49,124.85,87.8,6.93
91,Punta Arenas,20,CL,1555814586,81,-53.16,-70.91,48.09,25.28
92,Lorengau,55,PG,1555815669,76,-2.02,147.27,84.36,0.89
93,Shipunovo,31,RU,1555815669,48,52.22,82.26,39.07,9.84
94,Kaitangata,70,NZ,1555815649,67,-46.28,169.85,55.99,5.99
95,Aksu,0,KZ,1555813800,69,52.04,76.93,35.6,8.95
96,Kenai,90,US,1555815665,55,60.55,-151.26,36.77,13.87
97,Castro,90,CL,1555812000,81,-42.48,-73.76,48.2,8.05
98,Mar del Plata,0,AR,1555815670,52,-46.43,-67.52,56.17,4.38
99,Mogadishu,97,SO,1555815670,84,2.04,45.34,81.5,5.35
100,Kirensk,90,RU,1555815671,66,57.78,108.12,34.68,7.0
101,Sur,0,OM,1555815166,26,22.57,59.53,89.09,7.87
102,Nanortalik,55,GL,1555815170,89,60.14,-45.24,31.01,15.23
103,Marshall,1,US,1555815647,70,39.39,-87.69,45.97,3.85
104,Tecoanapa,40,MX,1555811280,88,16.99,-99.26,78.8,4.7
105,Victoria,75,BN,1555813800,70,5.28,115.24,87.37,3.36
106,Kalianget,100,ID,1555815673,66,-7.74,113.68,78.11,1.66
107,Hamilton,20,BM,1555814718,83,32.3,-64.78,68.94,13.87
108,Bandarbeyla,51,SO,1555815673,71,9.49,50.81,78.47,1.57
109,Bredasdorp,100,ZA,1555815610,93,-34.53,20.04,51.91,3.36
110,Carnarvon,90,ZA,1555815674,60,-30.97,22.13,51.69,14.67
111,Saint-Augustin,0,FR,1555815069,72,44.83,-0.61,56.35,5.82
112,Tuatapere,24,NZ,1555815005,73,-46.13,167.69,57.99,7.0
113,Aklavik,75,CA,1555812000,59,68.22,-135.01,37.4,6.93
114,Veranopolis,100,BR,1555815636,97,-28.94,-51.55,64.35,2.57
115,Chokurdakh,19,RU,1555815675,80,70.62,147.9,15.92,11.54
116,Tasiilaq,100,GL,1555811400,86,65.61,-37.64,30.2,27.51
117,Georgetown,40,GY,1555812000,88,6.8,-58.16,77.0,4.7
118,Havre-Saint-Pierre,90,CA,1555812000,87,50.23,-63.6,35.6,3.36
119,Butaritari,36,KI,1555815163,75,3.07,172.79,84.29,12.17
120,Vao,0,EE,1555815498,84,59.1,26.19,34.34,4.23
121,Sovetskiy,10,RU,1555815676,83,56.76,48.47,38.19,3.51
122,Mahebourg,75,MU,1555815544,78,-20.41,57.7,78.91,13.87
123,Zhigalovo,19,RU,1555815676,38,54.81,105.15,39.59,4.61
124,Huzhou,100,CN,1555815526,1,30.86,120.1,84.42,1.99
125,Longyearbyen,90,NO,1555815000,79,78.22,15.63,21.2,34.45
126,Fare,0,PF,1555815677,69,-16.7,-151.02,84.41,7.43
127,Vila,0,IT,1555815668,76,45.18,8.4,55.11,6.93
128,Esik,90,KZ,1555813800,100,43.36,77.47,53.6,11.18
129,Panzhihua,0,CN,1555815639,30,26.59,101.72,77.0,1.72
130,Nanakuli,90,US,1555815336,73,21.39,-158.15,78.53,10.29
131,Iqaluit,75,CA,1555814561,77,63.75,-68.52,3.09,2.24
132,Broome,0,GB,1555815674,93,52.47,1.45,43.25,1.12
133,Champerico,40,MX,1555811280,39,16.38,-93.6,78.8,11.41
134,Richards Bay,20,ZA,1555815679,77,-28.77,32.06,75.58,21.72
135,Tutoia,100,BR,1555815431,96,-2.76,-42.27,75.86,1.88
136,Bemidji,40,US,1555815614,81,47.48,-94.89,51.64,5.82
137,Atuona,0,PF,1555815160,75,-9.8,-139.03,83.23,12.33
138,Nikolskoye,0,RU,1555815037,92,59.7,30.79,29.62,3.11
139,Ixtapa,5,MX,1555815018,83,20.71,-105.21,75.58,4.7
140,Cockburn Town,0,TC,1555815413,80,21.46,-71.14,79.1,21.03
141,Hobart,0,AU,1555814835,49,-42.88,147.33,74.73,11.41
142,Whitianga,1,NZ,1555815612,72,-36.83,175.7,70.0,7.0
143,Aguimes,40,ES,1555815629,72,27.91,-15.45,63.46,14.99
144,Qaanaaq,100,GL,1555815682,77,77.48,-69.36,-8.74,4.18
145,Pauini,100,BR,1555815682,94,-7.71,-67.0,75.41,1.34
146,Taybad,83,IR,1555815682,73,34.74,60.78,52.0,6.8
147,Isangel,100,VU,1555815683,83,-19.55,169.27,79.55,21.79
148,Pochutla,40,MX,1555814757,69,15.74,-96.47,80.74,3.36
149,Maniitsoq,99,GL,1555815683,93,65.42,-52.9,29.32,8.57
150,Mendi,48,ET,1555815683,41,9.8,35.1,71.98,2.73
151,Bathsheba,75,BB,1555812000,74,13.22,-59.52,80.6,18.34
152,Murgab,90,TM,1555812000,93,37.5,61.97,50.0,11.41
153,Kodiak,1,US,1555815630,13,39.95,-94.76,64.15,11.41
154,Lipari,90,IT,1555815679,38,38.47,14.95,61.39,18.34
155,Ponta Delgada,75,PT,1555815676,87,37.73,-25.67,56.84,10.29
156,Diamantino,100,BR,1555815685,86,-14.4,-56.44,75.86,2.39
157,Yangambi,89,CD,1555815685,95,0.77,24.47,72.46,1.92
158,Yar-Sale,100,RU,1555815685,93,66.83,70.83,25.97,7.78
159,Salinas,20,US,1555815348,58,36.67,-121.66,53.2,11.41
160,Cabo San Lucas,40,MX,1555815360,46,22.89,-109.91,73.15,11.41
161,Dikson,98,RU,1555815157,91,73.51,80.55,6.96,14.56
162,Keti Bandar,0,PK,1555815686,83,24.14,67.45,79.01,12.41
163,Luanda,75,AO,1555812000,83,-8.83,13.24,80.6,4.7
164,Boshnyakovo,69,RU,1555815687,74,49.65,142.17,36.01,14.7
165,Anadyr,0,RU,1555814586,67,64.73,177.51,17.29,15.66
166,Reconquista,0,AR,1555815687,93,-29.14,-59.64,71.65,6.82
167,Sindor,100,RU,1555815688,90,62.87,51.9,33.17,8.59
168,Englehart,1,CA,1555814040,80,47.82,-79.87,33.8,8.05
169,Shache,19,CN,1555815688,16,38.42,77.24,76.12,16.4
170,Mattru,30,SL,1555815688,87,7.62,-11.83,79.16,2.48
171,Port Washington,1,US,1555815684,45,43.39,-87.88,45.64,2.53
172,Geraldton,20,CA,1555812000,93,49.72,-86.95,35.6,2.24
173,Dingle,42,PH,1555815689,32,11.0,122.67,94.62,10.11
174,Bow Island,90,CA,1555815657,38,49.87,-111.38,52.16,8.05
175,Wajir,51,KE,1555815690,69,1.75,40.07,80.92,13.47
176,Cervo,0,BR,1555815690,80,-22.19,-46.24,60.38,4.03
177,Upernavik,100,GL,1555815160,72,72.79,-56.15,15.4,4.32
178,Palafrugell,40,ES,1555815678,76,41.92,3.16,56.35,12.75
179,Naze,100,NG,1555815691,89,5.43,7.07,77.43,4.9
180,Narsaq,50,GL,1555811400,64,60.91,-46.05,35.6,6.93
181,Igarka,35,RU,1555815691,86,67.47,86.57,6.24,10.22
182,Petropavlovsk-Kamchatskiy,20,RU,1555813800,48,53.05,158.65,44.6,8.95
183,Farmington,1,US,1555815533,25,36.73,-108.21,53.33,3.36
184,Kasongo-Lunda,100,CD,1555815692,91,-6.48,16.82,69.04,2.06
185,Manzhouli,0,CN,1555815693,15,49.6,117.43,42.76,2.95
186,Thunder Bay,90,CA,1555815631,87,48.41,-89.26,43.48,2.24
187,Kandrian,56,PG,1555815693,59,-6.21,149.55,87.51,5.32
188,Krasnogorskoye,67,RU,1555815693,84,57.7,52.5,34.99,5.12
189,Nishihara,75,JP,1555815660,72,35.74,139.53,68.0,5.82
190,Vila Franca do Campo,75,PT,1555815436,87,37.72,-25.43,56.88,10.29
191,Khatanga,100,RU,1555815159,86,71.98,102.47,5.03,5.1
192,Ribeira Brava,40,PT,1555815484,72,32.65,-17.07,57.29,13.87
193,Soe,0,EE,1555815254,83,57.91,26.05,35.55,5.82
194,Hualmay,37,PE,1555815695,91,-11.1,-77.61,68.79,14.88
195,Sao Joao da Barra,0,BR,1555815671,95,-21.64,-41.05,70.03,1.97
196,Daru,32,SL,1555815695,99,7.99,-10.85,74.5,1.99
197,Nautla,0,MX,1555815695,73,20.22,-96.78,73.51,21.03
198,Jumla,2,NP,1555815696,26,29.28,82.18,56.12,1.81
199,Ilulissat,63,GL,1555811400,62,69.22,-51.1,19.4,4.7
200,Palmas Bellas,40,PA,1555814545,78,9.23,-80.09,80.04,13.87
201,Sulangan,41,PH,1555815696,67,11.14,123.72,84.07,8.72
202,Teahupoo,40,PF,1555814582,70,-17.83,-149.27,86.0,14.99
203,Trairi,100,BR,1555815697,97,-3.28,-39.27,73.72,1.57
204,Erenhot,98,CN,1555815697,19,43.65,111.97,53.83,8.7
205,Hithadhoo,100,MV,1555815698,78,-0.6,73.08,84.47,16.96
206,Malanje,100,AO,1555815698,99,-9.54,16.35,67.42,1.34
207,Nemuro,20,JP,1555812000,34,43.32,145.57,50.0,5.82
208,Sorong,75,ID,1555815699,57,-0.86,131.25,92.19,1.61
209,Iranshahr,0,IR,1555812000,49,27.21,60.69,71.6,4.0
210,Okha,100,RU,1555815699,79,53.59,142.95,37.16,11.81
211,Kapiri Mposhi,2,ZM,1555815700,97,-13.97,28.68,58.62,4.94
212,Saint-Pierre,0,FR,1555815586,75,48.95,4.24,45.37,9.17
213,Termez,20,AF,1555814582,72,37.23,67.28,65.68,18.34
214,Tiksi,100,RU,1555815701,76,71.64,128.87,15.96,15.14
215,Cap Malheureux,75,MU,1555814943,78,-19.98,57.61,78.46,13.87
216,Padang,20,ID,1555812000,70,-0.92,100.36,87.8,4.7
217,Huarmey,58,PE,1555815702,90,-10.07,-78.15,69.29,14.16
218,Lebu,86,ET,1555815159,82,8.96,38.73,57.88,1.61
219,Bethel,90,US,1555815180,86,60.79,-161.76,29.07,12.75
220,Pangnirtung,50,CA,1555815704,99,66.15,-65.72,-6.51,2.33
221,Zalegoshch,1,RU,1555815704,72,52.9,36.89,41.81,1.79
222,Saint George,40,GR,1555811400,81,39.45,22.34,43.47,1.83
223,Samfya,19,ZM,1555815705,96,-11.37,29.56,61.12,4.72
224,Methoni,0,GR,1555815642,87,36.82,21.7,50.74,8.59
225,Paamiut,100,GL,1555815705,84,61.99,-49.67,30.56,22.66
226,Baoshan,90,CN,1555815592,83,31.41,121.49,76.21,8.95
227,Suluq,0,LY,1555815706,60,31.67,20.25,61.57,18.7
228,Nome,1,US,1555815629,72,30.04,-94.42,62.78,3.36
229,Saint-Philippe,90,CA,1555815130,100,45.36,-73.48,43.61,3.83
230,Srednekolymsk,0,RU,1555815707,82,67.46,153.71,25.95,15.35
231,Zhigansk,100,RU,1555815707,94,66.77,123.37,28.7,7.94
232,Leshukonskoye,100,RU,1555815707,80,64.9,45.76,34.19,9.04
233,Norman Wells,40,CA,1555812000,56,65.28,-126.83,42.8,5.82
234,Talas,90,TR,1555813200,80,38.69,35.55,35.85,7.54
235,Provideniya,89,RU,1555815708,63,64.42,-173.23,12.14,5.32
236,Liverpool,0,GB,1555815663,71,53.41,-2.98,48.25,4.7
237,Mareeba,1,AU,1555815209,62,-16.99,145.42,82.53,19.46
238,Faanui,1,PF,1555815709,70,-16.48,-151.75,84.76,7.09
239,Santana do Acarau,100,BR,1555815709,99,-3.46,-40.21,73.06,0.51
240,Lavrentiya,87,RU,1555815709,85,65.58,-170.99,1.97,4.36
241,Kloulklubed,75,PW,1555811400,66,7.04,134.26,86.0,12.75
242,Necochea,6,AR,1555812375,70,-38.55,-58.74,55.0,6.53
243,Boljevac,0,RS,1555813800,74,43.83,21.96,37.4,2.24
244,Svetlaya,100,RU,1555815710,31,46.54,138.33,51.44,5.55
245,Sabha,98,LY,1555815711,16,27.03,14.43,75.58,19.19
246,Miri,25,NG,1555815711,15,10.31,9.75,79.48,3.74
247,Mikuni,75,JP,1555812000,67,36.22,136.15,59.0,1.12
248,Turukhansk,17,RU,1555815711,90,65.8,87.96,10.15,9.53
249,Skjeberg,99,NO,1555815694,93,59.21,11.19,39.88,4.7
250,Hobyo,93,SO,1555815712,77,5.35,48.53,82.31,9.51
251,Yining,9,CN,1555815712,60,29.04,114.56,83.68,3.11
252,Suwalki,11,PL,1555815554,89,54.11,22.93,41.56,6.22
253,Luau,71,CD,1555815713,95,-10.7,22.23,64.61,2.37
254,Pingxiang,54,CN,1555815713,75,27.63,113.85,77.65,3.8
255,Chuy,8,UY,1555815713,74,-33.69,-53.46,62.71,15.26
256,Matara,100,PE,1555815714,92,-13.74,-72.9,40.28,2.51
257,The Valley,40,AI,1555814811,74,18.22,-63.06,76.87,13.87
258,Avera,75,US,1555815714,93,33.19,-82.53,49.26,5.06
259,Rocha,1,UY,1555815715,89,-34.48,-54.34,52.5,5.23
260,Gornopravdinsk,84,RU,1555815715,91,60.06,69.92,33.65,7.34
261,Sao Jose do Belmonte,100,BR,1555815715,88,-7.86,-38.76,72.34,5.59
262,Pangkalanbuun,14,ID,1555815667,55,-2.68,111.62,89.81,4.83
263,Sisimiut,73,GL,1555815716,58,66.94,-53.67,30.38,7.63
264,Henties Bay,6,NA,1555812128,93,-22.12,14.28,57.99,3.0
265,Denison,1,US,1555815623,55,33.76,-96.54,64.83,12.75
266,Tocopilla,87,CL,1555815717,91,-22.09,-70.2,63.73,12.03
267,Kodinsk,93,RU,1555815717,70,58.6,99.18,35.4,6.22
268,Parksville,40,US,1555815601,93,33.79,-82.22,47.43,6.93
269,Luderitz,0,NA,1555812000,82,-26.65,15.16,57.2,20.8
270,La Ronge,40,CA,1555812000,70,55.1,-105.3,42.8,2.84
271,Kununurra,34,AU,1555813800,32,-15.77,128.74,95.0,3.36
272,Oistins,75,BB,1555812000,74,13.07,-59.53,80.6,18.34
273,Mitsamiouli,100,KM,1555815718,77,-11.38,43.28,83.46,13.94
274,Kavaratti,40,IN,1555813800,70,10.57,72.64,84.2,5.82
275,Ghanzi,0,BW,1555815719,62,-21.7,21.65,68.34,7.05
276,Emba,4,CY,1555813800,66,34.81,32.42,49.39,8.05
277,Katima Mulilo,0,NA,1555812000,93,-17.5,24.28,64.4,2.24
278,Kaeo,17,NZ,1555815489,83,-35.1,173.78,69.75,7.05
279,Bahia de Caraquez,75,EC,1555812000,78,-0.6,-80.42,78.8,5.82
280,Paranavai,100,BR,1555815720,70,-23.07,-52.47,74.84,5.79
281,Ostrovnoy,100,RU,1555815721,96,68.05,39.51,36.79,17.38
282,Sovetsk,86,RU,1555815721,77,55.08,21.89,43.57,5.57
283,Hovd,75,NO,1555815665,70,63.83,10.7,46.26,2.24
284,Fayaoue,49,NC,1555815721,81,-20.65,166.53,79.66,30.33
285,Lingao,0,CN,1555815722,80,19.91,109.69,82.6,0.72
286,Bilibino,29,RU,1555815722,90,68.06,166.44,4.82,4.27
287,Ilula,81,TZ,1555815722,97,-7.68,36.04,58.75,5.21
288,Torres,100,BR,1555815670,89,-29.34,-49.73,66.79,2.57
289,Awjilah,0,LY,1555815723,38,29.14,21.3,64.29,15.14
290,Xique-Xique,100,BR,1555815640,76,-10.82,-42.73,78.56,6.64
291,Teeli,12,RU,1555815724,36,51.01,90.2,48.2,24.56
292,Khani,75,GE,1555813800,100,41.96,42.96,41.0,5.82
293,Nova Olimpia,99,BR,1555815724,90,-14.8,-57.29,75.11,2.19
294,Vardo,75,US,1555815658,51,39.62,-77.74,55.67,6.93
295,Udachnyy,90,RU,1555812000,92,66.42,112.4,24.8,2.24
296,Biloela,62,AU,1555815725,50,-24.4,150.51,81.86,18.88
297,Kabalo,95,CD,1555815725,95,-6.05,26.92,69.58,3.98
298,Staraya,0,RU,1555815637,92,59.93,30.63,29.59,4.47
299,Dakar,13,SN,1555813800,88,14.69,-17.45,66.2,12.75
300,Zapolyarnyy,100,RU,1555813200,75,69.43,30.82,42.8,33.33
301,Pandavapura,44,IN,1555815726,59,12.5,76.67,80.56,4.52
302,Okhotsk,100,RU,1555815727,96,59.36,143.24,31.89,25.97
303,Koath,0,IN,1555815727,18,25.32,84.27,92.6,4.59
304,Nagaur,0,IN,1555815727,20,27.2,73.74,88.05,10.2
305,Broken Hill,75,AU,1555812000,40,-31.97,141.45,73.4,10.29
306,Muros,0,ES,1555815687,50,42.77,-9.06,57.13,10.29
307,Ahipara,1,NZ,1555815489,83,-35.17,173.16,72.0,12.44
308,Biak,100,ID,1555815565,96,-0.91,122.88,67.48,1.54
309,Hailar,0,CN,1555815728,13,49.2,119.7,44.96,11.68
310,Lasa,3,CY,1555813800,66,34.92,32.53,49.37,8.05
311,Sao Filipe,45,CV,1555815729,83,14.9,-24.5,71.33,15.95
312,Arraial do Cabo,0,BR,1555815167,86,-22.97,-42.02,73.94,5.19
313,Aktau,0,KZ,1555813800,93,43.65,51.16,41.0,4.47
314,Opuwo,12,NA,1555815729,53,-18.06,13.84,71.6,1.21
315,Dhidhdhoo,100,MV,1555815730,68,6.88,73.1,85.4,10.4
316,San Patricio,100,PY,1555815730,95,-26.98,-56.83,71.65,3.69
317,Porto Novo,0,BR,1555815600,82,-23.68,-45.44,66.2,8.7
318,Ucluelet,1,CA,1555814683,75,48.94,-125.55,53.01,13.22
319,Ulaangom,0,MN,1555815521,25,49.98,92.07,48.0,7.45
320,Yaan,100,NG,1555815731,67,7.38,8.57,83.41,6.78
321,Bambanglipuro,10,ID,1555815179,75,-7.95,110.28,84.29,13.42
322,Kyzyl-Suu,0,KG,1555815731,65,42.34,78.0,51.28,9.66
323,Chipinge,0,ZW,1555815725,82,-20.19,32.62,59.21,4.0
324,Moroto,53,UG,1555815732,64,2.53,34.66,70.57,3.62
325,Ugu,100,NG,1555815732,88,6.55,6.44,78.13,3.94
326,Sale,43,GB,1555815663,71,53.42,-2.32,47.82,4.7
327,Mbini,49,GQ,1555815734,83,1.58,9.62,78.69,0.72
328,Jijiga,17,ET,1555815734,91,9.35,42.8,59.21,2.1
329,Hit,0,IQ,1555815734,39,33.64,42.83,60.28,9.91
330,Acapulco,40,MX,1555811280,88,16.86,-99.88,78.8,4.7
331,Bijie,93,CN,1555815735,70,27.3,105.3,59.38,5.75
332,Laguna,20,MX,1555811580,54,27.52,-110.01,78.8,4.7
333,Brae,100,GB,1555813200,93,60.4,-1.35,46.4,10.29
334,Esperance,75,TT,1555815649,83,10.24,-61.45,78.51,3.36
335,Marawi,71,PH,1555813823,76,8.0,124.29,84.0,5.99
336,Lugovoy,94,RU,1555815736,87,59.72,65.88,35.29,8.43
337,Kimbe,100,PG,1555815736,57,-5.56,150.15,89.0,4.61
338,Vertientes,1,CU,1555811400,88,21.26,-78.15,75.2,4.7
339,Baiao,100,BR,1555815617,98,-2.79,-49.67,74.96,2.13
340,Faget,0,FR,1555815732,54,44.22,0.69,54.54,11.41
341,Folldal,100,NO,1555815738,73,62.14,10.0,33.87,2.55
342,Havelock,20,US,1555815428,72,34.88,-76.9,59.92,12.75
343,Port Hardy,20,CA,1555812000,61,50.7,-127.42,48.2,9.17
344,Atar,0,MR,1555815738,21,20.52,-13.05,77.16,11.83
345,Nandi,84,KE,1555815739,85,0.19,35.1,60.53,4.45
346,Marzuq,2,YE,1555815739,50,14.4,46.47,76.26,6.11
347,Cody,75,US,1555815677,54,44.53,-109.06,58.73,6.93
348,College,75,US,1555815719,41,64.86,-147.8,40.46,9.17
349,Coihaique,90,CL,1555815180,93,-45.58,-72.07,39.81,2.24
350,Oranjemund,0,ZA,1555815740,87,-28.55,16.43,59.74,25.08
351,Flinders,7,AU,1555815659,57,-34.58,150.85,76.01,6.93
352,Makarov,100,RU,1555815741,51,48.62,142.78,41.75,8.5
353,Hamada,0,JP,1555815582,72,34.9,132.08,73.89,11.41
354,Olavarria,0,AR,1555815741,82,-36.89,-60.32,49.39,4.21
355,Kirakira,100,SB,1555815647,70,-10.46,161.92,84.67,1.21
356,Gizo,20,IL,1555815739,54,31.8,34.94,56.61,17.22
357,Misawa,75,JP,1555815608,43,40.75,141.38,56.91,9.17
358,Guerrero Negro,23,MX,1555815178,87,27.97,-114.04,59.41,12.8
359,Rio Gallegos,20,AR,1555812000,71,-51.62,-69.22,50.0,21.92
360,Ambon,0,FR,1555815726,76,47.55,-2.56,54.28,10.29
361,Aksarka,100,RU,1555815742,92,66.56,67.8,31.53,13.24
362,Mariental,0,DE,1555815689,86,52.28,10.99,40.78,5.23
363,Bintulu,75,MY,1555812000,79,3.17,113.03,84.07,5.82
364,Klaksvik,34,FO,1555815000,81,62.23,-6.59,44.6,5.82
365,Lampazos de Naranjo,0,MX,1555815744,31,27.02,-100.51,77.7,6.89
366,Namibe,40,AO,1555815744,77,-15.19,12.15,72.93,8.52
367,Neuquen,0,AR,1555812000,81,-38.95,-68.06,51.8,4.76
368,Kungurtug,100,RU,1555815744,42,50.6,97.53,45.16,6.71
369,Husavik,100,CA,1555815606,51,50.56,-96.99,51.42,5.53
370,Inuvik,75,CA,1555812000,59,68.36,-133.71,37.4,6.93
371,Severodvinsk,0,RU,1555813800,74,64.56,39.82,33.8,4.47
372,Grootfontein,0,NA,1555815745,59,-19.56,18.1,62.78,5.99
373,Bahawalpur,0,PK,1555815746,16,29.39,71.66,90.3,6.44
374,Birao,76,CF,1555815746,14,10.3,22.78,82.76,7.27
375,Coquimbo,0,CL,1555812000,82,-29.95,-71.34,55.4,5.82
376,Marsabit,100,KE,1555815746,59,2.34,37.99,84.41,19.28
377,Pudozh,0,RU,1555815747,94,61.81,36.54,30.38,2.39
378,Asyut,0,EG,1555815747,59,27.18,31.19,57.16,15.3
379,Tura,27,IN,1555815747,38,25.52,90.21,86.25,3.76
380,Atascadero,1,US,1555815709,76,35.49,-120.67,53.55,4.7
381,Santa Cruz,20,US,1555815729,58,36.97,-122.03,53.46,11.41
382,Palmeiras de Goias,0,BR,1555815748,78,-16.8,-49.93,66.27,3.42
383,Caconda,100,AO,1555815748,89,-13.73,15.06,64.72,1.5
384,Vallenar,0,CL,1555815749,77,-28.58,-70.76,60.24,1.83
385,Caronport,79,CA,1555815654,38,50.46,-105.81,48.99,5.01
386,Haicheng,0,CN,1555815749,10,40.85,122.74,64.42,8.99
387,Pisco,0,PE,1555815674,73,-13.71,-76.2,70.81,2.24
388,Meru,91,KE,1555815750,97,0.05,37.65,52.21,2.44
389,Solano,23,PH,1555815750,40,16.52,121.18,85.89,3.27
390,Diffa,59,NE,1555815750,12,13.32,12.61,84.02,11.59
391,Dryden,90,CA,1555812000,40,49.79,-92.84,51.8,2.24
392,Maihar,0,IN,1555815751,20,24.26,80.76,89.06,4.76
393,Indi,20,IN,1555815751,20,17.17,75.96,88.75,12.88
394,Inhambane,0,MZ,1555815744,96,-23.87,35.38,67.04,2.73
395,Las Cruces,0,CL,1555815600,76,-33.5,-71.62,49.53,11.34
396,Cururupu,100,BR,1555815752,99,-1.82,-44.87,74.6,0.36
397,Guhagar,0,IN,1555815752,74,17.48,73.19,80.9,8.61
398,Baker City,90,US,1555815715,76,44.77,-117.83,48.97,9.17
399,Jieshi,57,CN,1555815647,97,22.82,115.83,75.0,8.61
400,Yulara,26,AU,1555812000,32,-25.24,130.99,66.2,11.41
401,Iberia,82,PE,1555815753,93,-11.41,-69.49,74.68,2.42
402,Chodziez,0,PL,1555815716,93,52.99,16.92,38.77,2.24
403,Sanmenxia,59,CN,1555815745,65,34.77,111.19,65.69,2.95
404,Rupert,90,US,1555814220,87,42.62,-113.68,53.02,14.99
405,Polson,90,US,1555815620,61,47.69,-114.16,48.0,13.87
406,Praia da Vitoria,75,PT,1555815687,93,38.73,-27.07,60.89,9.44
407,Warrnambool,100,AU,1555815735,54,-38.38,142.48,73.0,5.99
408,Osinovo,40,RU,1555815755,91,62.87,42.79,35.72,3.69
409,Balabac,59,PH,1555815755,76,7.99,117.06,84.7,12.73
410,Katobu,100,ID,1555815756,86,-4.94,122.53,83.55,4.63
411,Radhanpur,0,IN,1555815756,40,23.83,71.61,85.58,8.86
412,Ilam,0,IR,1555813800,38,33.64,46.42,37.4,4.7
413,Nara,20,JP,1555815603,72,34.68,135.8,71.44,4.7
414,Mugur-Aksy,97,RU,1555815757,85,50.38,90.44,25.81,8.86
415,Jawad,0,IN,1555815757,20,24.6,74.86,86.11,5.66
416,Fortuna,40,ES,1555815728,62,38.18,-1.13,57.07,13.87
417,Gat,15,SN,1555813800,88,14.69,-16.54,66.2,12.75
418,Miandrivazo,74,MG,1555815758,80,-19.53,45.46,75.76,2.15
419,Manokwari,99,ID,1555815459,81,-0.87,134.08,78.55,5.32
420,Artyom,93,RU,1555813800,10,43.36,132.19,59.0,8.95
421,Marquette,90,US,1555815648,21,46.54,-87.4,51.89,6.93
422,Samarai,89,PG,1555815759,54,-10.62,150.67,90.55,1.88
423,Severo-Yeniseyskiy,100,RU,1555815759,85,60.37,93.04,26.44,7.47
424,Bambous Virieux,75,MU,1555814943,78,-20.34,57.76,78.37,13.87
425,Tarko-Sale,34,RU,1555815471,83,64.92,77.78,10.99,4.0
426,Lhokseumawe,60,ID,1555815760,46,5.18,97.15,88.99,3.67
427,Bonthe,26,SL,1555815760,80,7.53,-12.5,82.04,6.31
428,Caxito,0,BR,1555815760,87,-22.65,-42.51,65.66,3.31
429,Miyazu,40,JP,1555812000,52,35.58,135.2,68.0,4.7
430,Vorselaar,0,BE,1555815760,53,51.2,4.77,52.02,3.36
431,Ponta do Sol,0,BR,1555815761,89,-20.63,-46.0,60.33,1.81
432,Verkhnyaya Toyma,43,RU,1555815761,92,62.24,45.0,33.74,3.24
433,Te Anau,51,NZ,1555815762,69,-45.41,167.72,50.38,5.23
434,Kokstad,92,ZA,1555815762,98,-30.55,29.42,52.23,2.53
435,Chapais,20,CA,1555812000,93,49.78,-74.86,41.0,10.29
436,Kampot,40,KH,1555813800,56,10.62,104.18,90.43,9.17
437,Grand Gaube,75,MU,1555815544,78,-20.01,57.66,78.89,13.87
438,Poplar Bluff,1,US,1555815300,54,36.76,-90.39,55.09,3.36
439,Anloga,20,GH,1555812000,83,5.79,0.9,84.2,6.93
440,Touros,75,BR,1555815600,100,-5.2,-35.46,75.2,3.36
441,Kapit,36,MY,1555815764,50,2.02,112.94,93.88,1.23
442,East London,93,ZA,1555815609,74,-33.02,27.91,54.26,6.06
443,Pemba,87,MZ,1555815764,80,-12.97,40.52,78.22,16.35
444,Byron Bay,40,AU,1555815681,57,-28.65,153.62,77.63,17.22
445,Hambantota,20,LK,1555812600,100,6.12,81.12,80.6,4.7
446,Moose Factory,90,CA,1555814400,75,51.26,-80.61,44.6,5.82
447,Constitucion,40,MX,1555810920,12,23.99,-104.67,75.2,12.75
448,Merauke,30,ID,1555815766,69,-8.49,140.4,84.54,9.62
449,Alta,57,NO,1555813200,57,69.97,23.27,48.2,16.11
450,Wukari,92,NG,1555815766,58,7.87,9.78,85.78,8.08
451,Cibitoke,61,BI,1555815766,75,-2.89,29.12,58.71,4.85
452,Karasjok,100,NO,1555813200,57,69.47,25.52,48.2,34.45
453,Nioro,18,GM,1555815767,41,13.79,-15.05,75.16,6.11
454,Zeya,99,RU,1555815767,60,53.74,127.27,32.83,11.63
455,San Vicente,0,SV,1555815607,51,13.64,-88.78,78.12,6.93
456,Roura,75,GF,1555813800,78,4.73,-52.33,80.6,5.82
457,Salalah,20,OM,1555811400,74,17.01,54.1,80.6,3.36
458,Bin Qirdan,100,TN,1555815770,10,33.14,11.22,83.75,19.91
459,Saint-Francois,0,FR,1555815614,93,46.42,3.91,44.24,2.24
460,Rafaela,66,AR,1555815651,65,-31.25,-61.49,63.0,4.0
461,Palizada,5,MX,1555810860,57,18.25,-92.09,77.0,8.05
462,Sao Felix do Xingu,96,BR,1555815771,97,-6.64,-51.99,71.96,2.1
463,Swan River,100,CA,1555815771,61,52.11,-101.27,42.53,2.84
464,Khabary,24,RU,1555815771,56,53.63,79.53,40.13,10.83
465,Inhambupe,69,BR,1555815772,98,-11.79,-38.36,72.61,2.39
466,Alyangula,63,AU,1555812000,52,-13.85,136.42,89.6,12.75
467,Taldan,2,RU,1555815772,33,53.69,124.82,36.03,13.06
468,Ganzhou,67,CN,1555815772,72,25.86,114.93,79.9,4.0
469,Palmer,90,US,1555815773,86,61.6,-149.11,36.0,11.41
470,Kavieng,1,PG,1555815475,64,-2.57,150.8,85.44,0.85
471,Valparaiso,5,US,1555815506,42,41.47,-87.06,43.16,5.82
472,Raudeberg,91,NO,1555815610,93,61.99,5.14,44.82,9.17
473,Burley,90,US,1555814220,87,42.54,-113.79,53.02,18.34
474,Riosucio,75,CO,1555812000,100,5.42,-75.7,66.2,5.82
475,Vanimo,6,PG,1555815690,71,-2.67,141.3,84.05,5.7
476,Talaya,75,RU,1555813800,80,55.79,84.89,30.2,4.47
477,Pasighat,0,IN,1555815776,43,28.06,95.33,75.25,1.66
478,Almaznyy,0,RU,1555813800,55,48.03,40.04,32.0,4.47
479,Teknaf,0,BD,1555815776,60,20.86,92.31,85.51,4.85
480,Nhulunbuy,40,AU,1555813800,62,-12.18,136.78,86.0,10.29
481,Lapua,0,FI,1555815758,86,62.97,23.01,37.85,5.82
482,Peruibe,100,BR,1555815695,80,-24.32,-47.0,70.66,1.61
483,Gull Lake,75,CA,1555812000,27,50.1,-108.48,51.8,8.05
484,Karratha,100,AU,1555815753,17,-20.74,116.85,85.46,20.31
485,Veyrier,0,FR,1555815735,71,46.17,6.18,50.04,1.12
486,Cloquet,1,US,1555815607,43,46.72,-92.46,49.44,6.93
487,Aripuana,100,BR,1555815621,96,-9.17,-60.63,74.48,0.54
488,Epe,0,DE,1555815728,73,52.18,7.04,47.52,3.36
489,Parana,0,BR,1555812000,100,-7.52,-72.89,75.2,1.54
490,Chaihe,90,CN,1555815779,16,44.77,129.68,53.44,11.88
491,Warrington,0,GB,1555815738,71,53.39,-2.59,46.47,4.7
492,Kizukuri,0,JP,1555815608,26,40.81,140.39,59.04,6.93
493,Sarangani,42,PH,1555815780,65,5.4,125.46,84.95,3.58
494,Mangrol,0,IN,1555812000,48,25.33,76.51,82.4,4.14
495,Bekhtery,0,UA,1555813800,74,46.25,32.3,35.6,6.71
496,West Bay,0,GB,1555815776,87,50.71,-2.76,46.72,2.24
497,Bongandanga,100,CD,1555815781,86,1.51,21.07,73.9,1.07
498,Pucara,100,BO,1555815781,98,-21.7,-64.2,65.01,1.99
499,Buarcos,0,PT,1555815715,59,40.16,-8.88,60.98,12.75
500,Quanzhou,75,CN,1555812000,88,24.9,118.59,77.0,2.24
501,Selfoss,75,IS,1555815676,80,63.94,-21.0,39.29,11.41
502,Saint-Leu,40,RE,1555815615,69,-21.15,55.28,72.01,6.93
503,Wenchi,100,GH,1555815783,91,7.74,-2.1,75.95,7.31
504,Linares,0,CL,1555815783,87,-35.85,-71.6,54.26,4.74
505,Port-Gentil,100,GA,1555815783,77,-0.72,8.78,82.38,6.76
506,Tessalit,0,ML,1555815783,12,20.2,1.01,84.67,5.97
507,Fairbanks,75,US,1555815616,41,64.84,-147.72,40.41,9.17
508,Dukat,0,RS,1555815598,77,42.44,22.31,34.0,3.18
509,Kaiserslautern,1,DE,1555815772,50,49.44,7.77,49.77,5.82
510,Alice Springs,75,AU,1555813800,52,-23.7,133.88,69.8,9.17
511,Kahului,75,US,1555815659,78,20.89,-156.47,76.1,13.87
512,Christchurch,100,NZ,1555815485,82,-43.53,172.64,57.13,10.29
513,Machinga,7,MW,1555815785,97,-15.18,35.3,61.84,3.36
514,Novyye Burasy,0,RU,1555813800,35,52.13,46.08,42.8,4.47
515,Saquarema,0,BR,1555812000,73,-22.93,-42.51,77.0,3.36
516,Penzance,22,GB,1555815784,62,50.12,-5.53,54.14,8.05
517,Gwadar,0,PK,1555815634,78,25.12,62.33,80.08,8.75
518,Ribeira Grande,5,PT,1555815786,90,38.52,-28.7,60.96,8.46
519,Karpathos,0,GR,1555813200,50,35.51,27.21,53.6,18.34
520,Soyo,100,AO,1555815787,83,-6.13,12.37,82.36,9.15
521,Teluknaga,40,ID,1555815779,70,-6.1,106.64,86.59,13.87
522,Chiang Khong,0,LA,1555812000,61,20.27,100.41,80.6,4.7
523,Petukhovo,0,RU,1555815788,66,55.06,67.89,37.81,6.04
524,Olga,90,US,1555815775,77,34.11,-118.17,57.58,5.82
525,Boyolangu,38,ID,1555815788,63,-8.09,111.9,83.24,6.06
526,Dieppe,0,FR,1555815682,66,49.92,1.08,52.97,10.29
527,Peniche,0,PT,1555815659,76,39.36,-9.38,59.16,6.93
528,Riyadh,0,SA,1555812000,46,24.63,46.72,69.8,4.7
529,Mehamn,100,NO,1555815789,82,71.03,27.85,39.52,13.87
530,Zmeinogorsk,74,RU,1555815790,71,51.15,82.2,36.88,5.48
531,Taunggyi,0,MM,1555815565,24,20.78,97.03,89.2,4.81
532,Port Moresby,40,PG,1555812000,55,-9.47,147.16,89.6,10.29
533,Fort Nelson,20,CA,1555812000,19,58.81,-122.69,48.2,6.93
534,Praya,40,ID,1555813800,66,-8.71,116.27,86.0,8.05
535,Omboue,100,GA,1555815791,78,-1.57,9.26,82.24,8.25
536,Brainerd,1,US,1555815782,58,46.36,-94.2,58.95,6.93
537,Saint-Ambroise,0,FR,1555815726,58,47.25,-0.65,52.75,9.17
538,Tromso,75,NO,1555815000,86,69.65,18.96,42.03,26.4
539,Ulladulla,10,AU,1555815659,57,-35.36,150.48,75.25,6.93
540,Puerto Colombia,40,CO,1555812000,94,10.99,-74.96,78.8,4.7
541,Greenwood,0,US,1555815674,31,32.03,-101.9,75.42,14.99
542,Muli,0,IN,1555815793,32,22.62,71.45,84.29,7.14
543,Letlhakane,58,BW,1555815794,51,-21.42,25.59,66.4,7.34
544,Faya,40,SA,1555812000,93,18.39,42.45,62.67,5.82
545,Sarakhs,75,TM,1555812000,100,36.54,61.16,51.8,12.37
546,Moranbah,92,AU,1555815795,63,-22.0,148.04,77.9,13.73
547,Jeremoabo,81,BR,1555815795,95,-10.08,-38.34,72.82,5.77
548,Makakilo City,90,US,1555815669,58,21.35,-158.09,78.42,9.17
549,Airai,38,TL,1555815796,49,-8.93,125.41,89.38,1.86
550,Huinan,67,CN,1555815796,21,42.68,126.04,56.15,7.14
551,Mikhaylovka,85,RU,1555815796,27,52.96,103.29,45.62,6.85
552,Uruzgan,0,AF,1555815796,38,32.93,66.63,54.79,3.87
553,Muisne,83,EC,1555815797,86,0.61,-80.02,79.3,6.58
554,Hofn,35,IS,1555815785,91,64.25,-15.21,25.63,3.33
555,Omsukchan,85,RU,1555815797,98,62.53,155.8,29.93,4.32
556,Da Lat,39,VN,1555815797,47,11.95,108.44,90.71,1.92
557,Ibra,0,OM,1555815798,43,22.69,58.55,76.31,4.34
558,Coruripe,69,BR,1555815798,96,-10.12,-36.18,74.03,4.9
559,Gigmoto,43,PH,1555815722,72,13.78,124.39,84.52,8.28
560,Shu,96,KZ,1555815798,71,43.6,73.76,56.03,9.15
561,Port Augusta,100,AU,1555815322,87,-32.49,137.76,63.68,4.7
